7033    371
7006    348
7030    285
7022    281
7038    275
7248    272
7418    261
7462    260
7542    254
7089    246
7720    242
7199    240
7027    235
7078    232
7076    231
7100    227
7253    224
7260    221
7432    214
7285    211
7298    209
7047    204
7271    203
7682    203
7007    203
7045    202
7391    200
7324    199
7263    193
7044    193
7246    193
7042    191
7065    190
7102    190
7256    188
7281    185
7160    183
7257    181
7028    179
7399    178
7029    178
7000    177
7207    176
7001    172
7041    171
7467    171
7077    170
7389    169
7217    167
7770    167
7049    165
7252    162
7333    161
7059    159
7016    156
7104    155
7164    153
7245    152
7409    152
7292    152
7108    152
7321    151
7121    150
7240    149
7024    149
7114    148
7072    148
7721    148
7269    148
7002    147
7216    147
7052    146
7543    146
7168    146
7025    145
7796    144
7037    143
7015    142
7264    142
7693    141
7311    141
7523    136
7034    136
7123    136
7239    136
7204    135
7079    135
7126    134
7046    132
7545    132
7061    131
7475    131
7452    129
7505    128
7176    128
7017    128
7713    128
7211    128
7533    126
7202    126
7261    126
7524    125
7276    124
7398    121
7054    121
7570    120
7766    120
7032    119
7191    119
7163    118
7063    118
7366    117
7272    117
7816    117
7850    116
7790    116
7502    115
7549    113
7474    113
7757    111
7416    111
7599    109
7012    109
7458    109
7074    109
7021    108
7768    108
7235    108
7716    108
7356    107
7099    107
7043    107
7810    106
7014    106
7055    106
7536    105
7717    104
7668    104
7203    103
7299    103
7772    103
7019    102
7169    101
7761    101
7906    101
7069    101
7031    100
7685    100
7073    100
7184     99
7111     98
7667     98
7189     98
7009     98
7118     97
7384     95
7647     94
7724     94
7383     93
7208     93
7026     93
7153     93
7817     92
7762     92
7280     91
7250     91
7453     91
7286     90
7039     90
7788     90
7236     90
7020     89
7283     89
7548     89
7718     89
7719     87
7534     87
7101     86
7686     86
7284     86
7417     86
7551     86
7190     85
7148     85
7291     84
7575     84
7023     84
7018     84
7375     83
7058     82
7386     82
7035     80
7335     80
7103     80
7337     80
7273     80
7005     80
7506     78
7205     78
7267     78
7469     77
7150     77
7368     77
7206     76
7048     76
7684     76
7660     75
7013     75
7489     75
7162     74
7274     74
7320     74
7373     74
7115     74
7143     74
7158     74
7346     73
7385     73
7093     72
7174     72
7124     72
7040     71
7192     71
7130     70
7053     70
7010     70
7155     69
7057     69
7794     69
7411     68
7334     66
7712     66
7912     66
7129     66
7097     65
7095     65
7576     64
7547     64
7135     64
7443     64
7473     64
7457     63
7437     63
7109     62
7412     61
7278     61
7070     61
7468     61
7361     61
7531     61
7821     61
7691     61
7259     60
7577     60
7627     60
7119     60
7131     60
7323     59
7798     59
7791     59
7703     58
7270     58
7911     58
7113     58
7110     57
7112     57
7795     56
7170     56
7151     56
7161     53
7451     52
7003     51
7367     51
7197     51
7508     51
7642     50
7710     50
7600     50
7526     50
7209     50
7899     49
7120     49
7140     49
7441     49
7358     48
7050     47
7268     47
7388     47
7075     47
7433     46
7128     46
7105     45
7193     45
7350     45
7231     44
7146     44
7706     44
7302     44
7154     43
7662     43
7681     43
7351     43
7702     43
7675     42
7707     42
7178     42
7149     41
7917     41
7476     41
7900     41
7329     41
7144     40
7905     40
7116     40
7530     40
7088     40
7036     39
7802     39
7090     39
7705     39
7450     38
7237     38
7180     38
7362     38
7541     38
7138     38
7349     38
7152     38
7234     37
7094     37
7687     37
7701     37
7644     37
7787     36
7916     36
7127     36
7363     36
7422     36
7496     35
7133     35
7381     35
7596     34
7312     34
7008     34
7633     34
7091     34
7332     34
7188     34
7195     34
7258     33
7656     33
7156     33
7546     33
7348     33
7848     33
7445     33
7107     33
7864     32
7196     32
7410     32
7136     32
7898     32
7238     32
7071     31
7379     31
7493     31
7357     31
7431     31
7122     31
7066     31
7711     30
7338     30
7677     30
7521     29
7328     29
7083     29
7611     29
7771     28
7224     28
7309     28
7117     28
7175     28
7243     28
7287     27
7655     27
7420     27
7210     27
7466     27
7571     27
7581     27
7435     26
7695     26
7514     26
7142     26
7497     26
7173     25
7639     25
7232     25
7233     25
7297     25
7230     25
7378     24
7887     24
7881     24
7459     24
7635     23
7781     23
7380     23
7139     23
7415     23
7343     23
7569     23
7223     23
7354     23
7374     23
7194     23
7064     22
7198     22
7183     22
7249     22
7141     22
7822     22
7353     22
7728     21
7247     21
7430     21
7327     21
7226     21
7352     21
7296     21
7538     21
7620     20
7725     20
7137     20
7640     20
7262     20
7804     20
7820     20
7540     20
7688     20
7244     20
7641     20
7601     19
7225     19
7556     19
7480     19
7654     19
7650     19
7085     19
7229     18
7826     18
7907     18
7492     18
7132     18
7753     18
7242     18
7265     18
7529     18
7339     18
7289     18
7522     18
7823     17
7277     17
7528     17
7494     17
7477     17
7866     17
7704     17
7520     17
7815     17
7559     17
7666     17
7904     17
7586     17
7181     16
7087     16
7671     16
7344     16
7699     16
7147     16
7376     16
7182     15
7414     15
7429     15
7818     15
7565     15
7222     15
7619     15
7227     15
7518     15
7288     15
7400     15
7729     15
7434     14
7680     14
7566     14
7527     14
7563     14
7220     13
7486     13
7637     13
7221     13
7342     13
7689     13
7504     13
7446     13
7564     13
7336     13
7780     12
7783     12
7326     12
7371     12
7709     12
7700     12
7892     12
7605     12
7483     12
7913     12
7874     12
7313     12
7708     12
7086     12
7438     12
7266     12
7896     11
7895     11
7827     11
7752     11
7404     11
7479     11
7561     11
7623     11
7841     11
7748     11
7341     11
7171     11
7228     11
7610     11
7890     10
7516     10
7488     10
7813     10
7359     10
7845     10
7303     10
7782     10
7659     10
7106     10
7754     10
7340     10
7318     10
7914     10
7314     10
7537     10
7643      9
7557      9
7465      9
7157      9
7487      9
7580      9
7427      9
7765      9
7692      9
7478      9
7172      9
7355      8
7316      8
7584      8
7484      8
7395      8
7829      8
7773      8
7568      8
7696      8
7750      8
7777      8
7347      8
7789      8
7745      8
7585      8
7625      8
7425      8
7539      7
7519      7
7731      7
7694      7
7454      7
7746      7
7377      7
7582      7
7517      7
7485      7
7503      7
7730      7
7403      7
7317      7
7579      7
7751      7
7760      7
7447      7
7910      7
7607      7
7460      7
7741      6
7769      6
7844      6
7331      6
7593      6
7867      6
7664      6
7602      6
7096      6
7698      6
7515      6
7838      6
7444      6
7428      6
7562      6
7594      6
7424      6
7631      5
7901      5
7387      5
7872      5
7924      5
7743      5
7903      5
7665      5
7461      5
7365      5
7732      5
7345      5
7449      5
7572      5
7925      5
7595      5
7779      4
7758      4
7590      4
7843      4
7068      4
7618      4
7807      4
7839      4
7915      4
7279      4
7629      4
7301      4
7849      4
7832      4
7552      4
7658      4
7833      4
7632      4
7835      4
7553      4
7608      4
7859      4
7670      4
7879      4
7319      3
7784      3
7840      3
7834      3
7471      3
7616      3
7733      3
7806      3
7364      3
7862      3
7785      3
7613      3
7737      3
7679      3
7084      3
7567      3
7448      3
7636      3
7624      3
7854      3
7606      3
7824      3
7583      3
7767      3
7897      3
7918      3
7836      2
7875      2
7749      2
7555      2
7919      2
7855      2
7830      2
7759      2
7630      2
7819      2
7501      2
7604      2
7858      2
7873      2
7888      2
7876      2
7558      2
7842      2
7554      2
7455      2
7871      2
7870      2
7742      2
7315      1
7776      1
7589      1
7744      1
7738      1
7676      1
7598      1
7857      1
7626      1
7921      1
7902      1
7747      1
7774      1
7799      1
7846      1
7588      1
7861      1
7663      1
7831      1
7622      1
7587      1
7775      1
7860      1
7678      1
7837      1
7805      1
7893      1
7814      1
7877      1