7033    509
7015    361
7006    344
7022    338
7076    281
7102    275
7248    274
7038    273
7462    263
7542    259
7418    252
7027    246
7199    235
7078    232
7100    231
7720    226
7253    225
7260    225
7047    224
7089    223
7432    215
7045    209
7271    208
7298    207
7007    205
7391    202
7682    200
7324    200
7256    197
7257    193
7246    193
7160    189
7263    187
7281    187
7065    185
7000    173
7217    172
7030    172
7020    171
7028    169
7467    169
7399    169
7041    168
7029    167
7321    164
7770    163
7164    163
7285    162
7216    161
7389    160
7252    160
7333    160
7108    159
7001    159
7049    159
7269    157
7016    155
7077    155
7072    154
7052    153
7207    153
7104    152
7245    152
7012    151
7121    150
7044    150
7037    149
7796    148
7059    147
7721    146
7693    143
7002    142
7034    140
7114    139
7168    139
7311    138
7079    137
7264    136
7123    136
7239    135
7204    135
7545    135
7505    135
7203    134
7292    133
7126    133
7046    132
7543    132
7523    131
7533    131
7017    131
7570    130
7713    130
7475    130
7261    129
7061    129
7009    128
7176    125
7790    124
7042    124
7356    124
7599    122
7816    121
7191    121
7398    121
7211    121
7202    121
7850    120
7766    120
7524    120
7021    118
7032    117
7163    116
7073    116
7272    115
7757    114
7366    114
7502    113
7474    113
7276    113
7536    112
7055    112
7043    111
7235    111
7074    110
7099    110
7054    109
7240    109
7717    109
7458    109
7014    108
7772    108
7668    108
7063    107
7048    107
7788    106
7409    106
7660    106
7906    105
7817    105
7716    105
7148    105
7761    103
7111    102
7768    102
7236    101
7184    101
7299    100
7284    100
7189    100
7551     98
7069     98
7019     98
7685     98
7208     96
7283     96
7169     95
7810     95
7534     94
7018     93
7118     92
7762     92
7548     92
7453     92
7724     91
7647     91
7320     90
7718     90
7026     90
7719     89
7417     89
7383     89
7286     89
7035     88
7386     88
7013     87
7135     87
7031     86
7103     86
7023     86
7153     86
7291     86
7058     86
7375     85
7101     85
7686     85
7346     84
7205     84
7005     84
7575     82
7368     81
7039     81
7384     81
7469     81
7337     81
7506     81
7150     79
7489     78
7912     78
7267     78
7373     78
7250     77
7273     76
7040     76
7190     76
7684     76
7143     76
7174     76
7010     75
7452     75
7162     75
7025     74
7335     73
7206     73
7158     73
7130     72
7280     72
7794     72
7097     72
7416     71
7115     71
7274     69
7821     69
7057     69
7155     69
7124     68
7192     68
7712     67
7112     66
7411     66
7278     66
7093     65
7129     65
7334     65
7095     64
7576     64
7531     64
7385     63
7437     63
7703     63
7024     63
7468     62
7443     62
7259     62
7702     62
7110     62
7457     61
7367     61
7119     61
7053     61
7070     60
7798     60
7197     60
7911     60
7113     60
7323     60
7473     59
7547     59
7577     58
7151     57
7791     57
7075     57
7270     57
7627     57
7549     56
7795     56
7361     56
7120     55
7109     54
7412     53
7667     53
7917     52
7388     52
7526     52
7131     52
7358     51
7451     51
7268     51
7050     50
7209     50
7707     50
7170     49
7128     48
7710     48
7107     47
7701     47
7642     47
7178     47
7140     46
7633     46
7161     46
7351     46
7105     46
7508     46
7887     46
7003     45
7496     45
7154     45
7433     45
7302     44
7180     44
7899     44
7144     43
7916     43
7088     43
7133     42
7350     42
7231     42
7090     42
7450     42
7900     41
7152     41
7193     41
7036     41
7476     41
7675     40
7237     40
7691     40
7705     40
7706     40
7422     40
7329     40
7136     39
7905     38
7149     38
7175     38
7258     38
7312     37
7541     37
7195     37
7431     37
7681     37
7802     37
7196     37
7493     37
7338     37
7441     36
7116     36
7287     36
7008     36
7445     35
7711     34
7234     34
7147     34
7898     34
7687     34
7596     34
7188     33
7357     33
7787     33
7232     33
7156     33
7238     33
7349     33
7848     33
7094     32
7410     32
7348     32
7695     32
7662     32
7117     31
7138     31
7328     31
7530     30
7091     30
7400     30
7644     30
7571     29
7127     29
7210     29
7656     29
7071     28
7521     28
7381     28
7546     28
7230     28
7600     28
7243     28
7225     28
7420     27
7677     27
7730     27
7514     27
7066     27
7183     27
7249     27
7083     26
7122     25
7309     25
7466     25
7497     25
7881     24
7297     24
7864     24
7639     23
7343     23
7374     23
7914     23
7641     23
7242     23
7728     23
7106     23
7342     23
7327     23
7362     23
7688     23
7146     23
7771     23
7415     22
7581     22
7378     22
7781     22
7620     22
7288     22
7194     22
7354     22
7655     22
7142     22
7340     21
7563     21
7332     21
7680     21
7353     21
7198     21
7635     21
7247     20
7459     20
7344     20
7223     20
7233     20
7141     20
7181     20
7815     19
7822     19
7064     19
7725     19
7492     19
7244     19
7480     19
7753     19
7654     18
7296     18
7139     18
7826     18
7559     18
7435     18
7750     18
7229     18
7430     18
7085     18
7601     17
7538     17
7380     17
7611     17
7289     17
7569     17
7339     16
7446     16
7518     16
7137     16
7303     16
7540     16
7277     16
7666     16
7313     16
7438     16
7220     16
7907     15
7556     15
7522     15
7520     15
7477     15
7265     15
7565     15
7379     15
7414     15
7336     15
7692     15
7752     15
7823     15
7429     15
7226     15
7171     15
7352     15
7585     14
7924     14
7783     14
7529     14
7623     14
7671     14
7363     14
7478     14
7696     13
7487     13
7650     13
7087     13
7664     13
7820     13
7610     13
7483     13
7494     13
7221     13
7904     13
7586     13
7262     13
7557     12
7866     12
7729     12
7465     12
7527     12
7910     12
7804     12
7484     12
7709     12
7376     12
7892     11
7699     11
7341     11
7227     11
7566     11
7222     11
7637     11
7486     11
7182     11
7086     11
7748     11
7782     11
7132     11
7528     10
7773     10
7427     10
7564     10
7838     10
7689     10
7504     10
7224     10
7359     10
7789     10
7896     10
7266     10
7561     10
7631     10
7537     10
7316     10
7515     10
7827      9
7364      9
7745      9
7488      9
7760      9
7173      9
7754      9
7157      9
7841      9
7818      9
7704      9
7315      9
7516      9
7404      9
7460      8
7643      8
7568      8
7428      8
7449      8
7434      8
7503      8
7658      8
7424      8
7625      8
7890      8
7395      8
7371      8
7579      7
7840      7
7517      7
7317      7
7447      7
7619      7
7096      7
7584      7
7461      7
7539      7
7593      7
7708      7
7872      7
7874      7
7172      7
7403      7
7228      7
7700      7
7895      7
7583      7
7780      7
7640      7
7731      7
7479      7
7659      7
7618      6
7314      6
7602      6
7777      6
7572      6
7444      6
7552      6
7580      6
7829      6
7084      6
7301      6
7454      6
7913      6
7779      6
7326      6
7387      6
7607      6
7845      6
7844      6
7555      6
7925      6
7694      5
7808      5
7767      5
7889      5
7425      5
7676      5
7485      5
7318      5
7657      5
7604      5
7345      5
7605      5
7843      5
7733      5
7813      5
7377      5
7632      5
7665      5
7331      5
7849      4
7732      4
7636      4
7590      4
7630      4
7365      4
7741      4
7319      4
7746      4
7519      4
7758      4
7888      4
7567      4
7355      4
7553      4
7594      4
7903      4
7832      4
7784      3
7915      3
7824      3
7609      3
7613      3
7901      3
7616      3
7765      3
7876      3
7279      3
7834      3
7769      3
7737      3
7839      3
7859      3
7471      3
7606      3
7562      3
7879      3
7629      3
7819      3
7785      2
7698      2
7759      2
7679      2
7919      2
7891      2
7670      2
7918      2
7856      2
7595      2
7835      2
7873      2
7833      2
7902      2
7068      2
7360      2
7884      2
7858      2
7663      2
7799      2
7608      2
7751      2
7747      2
7897      2
7806      1
7067      1
7830      1
7587      1
7831      1
7842      1
7678      1
7776      1
7558      1
7612      1
7921      1
7626      1
7846      1
7755      1
7885      1
7855      1
7501      1
7803      1
7805      1
7861      1
7743      1
7807      1
7886      1
7854      1
7554      1
7622      1
7598      1
7877      1
7347      1
7893      1
7582      1
7871      1
7455      1
7742      1
7588      1